# solution IDs are scoped to this hipBLASLt version and device architecture
STRATA_HIPBLASLT_TUNING_V1 gfx1201 100202
bf16 1 2560 1 4096 74196
bf16 48 2560 96 4096 73754
bf16 48 2560 96 8192 73754
bf16 128 2560 128 4096 73754
bf16 128 2560 128 8192 73715
bf16 320 10240 320 4096 73838
bf16 320 10240 320 8192 73838
bf16 512 2560 512 8192 73803
bf16 2560 2560 2560 8192 73778
bf16 10240 320 10240 8192 73761
f16 512 2560 512 4096 88193
f16 512 2560 512 8192 88307
f16 640 2560 640 4096 88251
f16 640 2560 640 8192 88192
f16 2560 640 2560 4096 88216
f16 2560 640 2560 8192 88307
f16 2560 6144 2560 4096 88281
f16 2560 6144 2560 8192 88281
f16 6144 2560 6144 4096 88255
f16 6144 2560 6144 8192 88307
f16 10240 2560 10240 4096 88255
f16 10240 2560 10240 8192 88255
f16 12288 2560 12288 4096 88255
f16 12288 2560 12288 8192 88255
