# solution IDs are scoped to this hipBLASLt version and device architecture
STRATA_HIPBLASLT_TUNING_V1 gfx1201 100500
bf16 1 2560 1 4096 110508
bf16 1 2560 1 8192 110524
bf16 4 10240 4 4096 110549
bf16 4 10240 4 8192 110549
bf16 48 2560 96 4096 110416
bf16 48 2560 96 8192 110419
bf16 128 2560 128 4096 110001
bf16 128 2560 128 8192 110161
bf16 320 10240 320 4096 110420
bf16 320 10240 320 8192 110420
bf16 512 2560 512 4096 110428
bf16 512 2560 512 8192 110428
bf16 2560 2560 2560 4096 110428
bf16 2560 2560 2560 8192 110428
bf16 10240 320 10240 4096 110428
bf16 10240 320 10240 8192 110462
bf16 10240 2560 10240 4096 110428
bf16 10240 2560 10240 8192 110428
f16 512 2560 512 4096 135699
f16 512 2560 512 8192 135625
f16 640 2560 640 4096 135740
f16 640 2560 640 8192 135629
f16 2560 640 2560 4096 135625
f16 2560 640 2560 8192 135611
f16 2560 6144 2560 4096 135187
f16 2560 6144 2560 8192 135631
f16 6144 2560 6144 4096 135625
f16 6144 2560 6144 8192 135625
f16 10240 2560 10240 4096 135625
f16 10240 2560 10240 8192 135625
f16 12288 2560 12288 4096 135625
f16 12288 2560 12288 8192 135625
