# solution IDs are scoped to this hipBLASLt version and device architecture
STRATA_HIPBLASLT_TUNING_V1 gfx1200 100202
bf16 10240 2560 10240 2560 30831
bf16 10240 2560 10240 256 31013
bf16 10240 2560 10240 512 31013
bf16 10240 320 10240 2560 30902
bf16 10240 320 10240 256 30831
bf16 10240 320 10240 512 30779
bf16 12288 2560 12288 2560 30969
bf16 12288 2560 12288 256 31013
bf16 2560 10240 10240 256 30654
bf16 2560 10240 10240 512 30998
bf16 2560 12288 2560 256 30654
bf16 2560 2560 2560 2560 30963
bf16 2560 2560 2560 256 30789
bf16 2560 2560 2560 512 30844
bf16 2560 512 4096 512 30654
bf16 2560 6144 2560 2560 30654
bf16 2560 640 2560 2560 30726
bf16 2560 640 2560 256 30654
bf16 2560 640 2560 512 30654
bf16 2560 96 4096 37 30681
bf16 2560 96 4096 48 30664
bf16 320 10240 320 2560 31046
bf16 320 10240 320 256 30668
bf16 48 2560 96 4096 30904
bf16 6144 2560 6144 2560 30831
bf16 6144 2560 6144 256 30969
bf16 6144 2560 6144 512 31013
bf16 640 2560 640 2560 31171
bf16 640 2560 640 256 30912
bf16 640 2560 640 512 30686
f16 10240 2560 10240 2560 55549
f16 10240 2560 10240 256 55715
f16 10240 2560 10240 512 55549
f16 10240 320 10240 2560 55604
f16 10240 320 10240 256 55430
f16 10240 320 10240 512 55481
f16 12288 2560 12288 2560 55671
f16 12288 2560 12288 256 55715
f16 12288 2560 12288 512 55533
f16 2560 10240 10240 2560 55731
f16 2560 10240 10240 256 55356
f16 2560 10240 10240 512 55730
f16 2560 12288 2560 2560 55729
f16 2560 12288 2560 256 55356
f16 2560 12288 2560 512 55693
f16 2560 2560 2560 2560 55665
f16 2560 2560 2560 256 55491
f16 2560 2560 2560 512 55581
f16 2560 512 4096 37 55381
f16 2560 512 4096 512 55356
f16 2560 6144 2560 2560 55356
f16 2560 6144 2560 256 55356
f16 2560 6144 2560 512 55356
f16 2560 640 2560 2560 55554
f16 2560 640 2560 256 55356
f16 2560 640 2560 512 55356
f16 2560 96 4096 48 55383
f16 320 10240 320 2560 55545
f16 320 10240 320 256 55517
f16 320 10240 320 512 55606
f16 512 2560 512 4096 55575
f16 6144 2560 6144 2560 55533
f16 6144 2560 6144 256 55671
f16 6144 2560 6144 512 55715
f16 640 2560 640 2560 55873
f16 640 2560 640 256 55614
f16 640 2560 640 512 55826
